#Begin table data:
1 1 53 42 135 255
2 2 53 44 138 255
3 3 54 45 141 255
4 4 54 47 144 255
5 5 54 48 147 255
6 6 54 50 150 255
7 7 54 51 153 255
8 8 54 53 156 255
9 9 54 54 160 255
10 10 54 56 163 255
11 11 54 57 166 255
12 12 54 59 169 255
13 13 53 61 172 255
14 14 53 62 175 255
15 15 52 64 179 255
16 16 51 65 182 255
17 17 50 67 185 255
18 18 49 69 188 255
19 19 48 70 191 255
20 20 46 72 195 255
21 21 44 74 198 255
22 22 42 76 201 255
23 23 39 78 204 255
24 24 36 80 208 255
25 25 33 82 211 255
26 26 29 84 214 255
27 27 25 87 217 255
28 28 21 89 219 255
29 29 16 91 221 255
30 30 12 93 222 255
31 31 8 95 224 255
32 32 5 97 224 255
33 33 3 98 225 255
34 34 2 100 225 255
35 35 2 101 225 255
36 36 1 102 225 255
37 37 1 104 225 255
38 38 2 105 225 255
39 39 2 106 225 255
40 40 3 107 225 255
41 41 4 108 224 255
42 42 5 109 224 255
43 43 6 110 223 255
44 44 7 111 223 255
45 45 8 112 223 255
46 46 9 113 222 255
47 47 10 114 222 255
48 48 11 115 221 255
49 49 12 116 221 255
50 50 13 117 220 255
51 51 14 118 220 255
52 52 15 119 219 255
53 53 16 120 218 255
54 54 16 121 218 255
55 55 17 122 217 255
56 56 18 123 217 255
57 57 18 124 216 255
58 58 19 125 216 255
59 59 19 126 215 255
60 60 19 127 215 255
61 61 20 128 214 255
62 62 20 129 214 255
63 63 20 130 213 255
64 64 20 131 213 255
65 65 20 132 212 255
66 66 20 133 212 255
67 67 20 134 211 255
68 68 20 135 211 255
69 69 19 136 211 255
70 70 19 137 211 255
71 71 18 138 210 255
72 72 18 140 210 255
73 73 17 141 210 255
74 74 16 142 210 255
75 75 15 143 210 255
76 76 14 145 210 255
77 77 13 146 210 255
78 78 12 147 210 255
79 79 11 149 210 255
80 80 10 150 210 255
81 81 9 151 209 255
82 82 9 152 209 255
83 83 8 153 209 255
84 84 8 154 208 255
85 85 7 155 208 255
86 86 7 156 207 255
87 87 7 157 207 255
88 88 6 158 206 255
89 89 6 159 206 255
90 90 6 160 205 255
91 91 6 161 204 255
92 92 6 162 203 255
93 93 6 163 203 255
94 94 6 164 202 255
95 95 6 164 201 255
96 96 6 165 200 255
97 97 6 166 199 255
98 98 6 167 198 255
99 99 6 167 197 255
100 100 6 168 196 255
101 101 6 169 195 255
102 102 7 169 194 255
103 103 7 170 193 255
104 104 8 171 192 255
105 105 9 171 191 255
106 106 10 172 190 255
107 107 11 172 189 255
108 108 12 173 188 255
109 109 13 174 186 255
110 110 15 174 185 255
111 111 16 175 184 255
112 112 18 175 183 255
113 113 19 176 182 255
114 114 21 176 180 255
115 115 23 177 179 255
116 116 24 178 178 255
117 117 26 178 177 255
118 118 28 179 175 255
119 119 30 179 174 255
120 120 32 180 173 255
121 121 34 180 171 255
122 122 36 181 170 255
123 123 38 181 169 255
124 124 40 182 167 255
125 125 43 182 166 255
126 126 45 183 165 255
127 127 47 183 163 255
128 128 49 184 162 255
129 129 52 184 160 255
130 130 54 185 159 255
131 131 57 185 157 255
132 132 59 186 156 255
133 133 62 186 154 255
134 134 64 186 153 255
135 135 67 187 151 255
136 136 70 187 150 255
137 137 73 188 148 255
138 138 75 188 147 255
139 139 78 188 145 255
140 140 81 189 144 255
141 141 84 189 142 255
142 142 87 189 141 255
143 143 90 189 139 255
144 144 93 190 138 255
145 145 96 190 136 255
146 146 99 190 135 255
147 147 102 190 133 255
148 148 105 190 132 255
149 149 108 191 131 255
150 150 111 191 129 255
151 151 113 191 128 255
152 152 116 191 127 255
153 153 119 191 126 255
154 154 122 191 124 255
155 155 125 191 123 255
156 156 128 191 122 255
157 157 130 191 121 255
158 158 133 191 120 255
159 159 136 191 119 255
160 160 138 191 118 255
161 161 141 191 117 255
162 162 143 191 116 255
163 163 146 191 114 255
164 164 148 191 114 255
165 165 151 191 113 255
166 166 153 191 112 255
167 167 156 191 111 255
168 168 158 190 110 255
169 169 160 190 109 255
170 170 163 190 108 255
171 171 165 190 107 255
172 172 167 190 106 255
173 173 170 190 105 255
174 174 172 190 104 255
175 175 174 190 103 255
176 176 176 189 102 255
177 177 179 189 101 255
178 178 181 189 101 255
179 179 183 189 100 255
180 180 185 189 99 255
181 181 187 189 98 255
182 182 189 188 97 255
183 183 192 188 96 255
184 184 194 188 95 255
185 185 196 188 95 255
186 186 198 188 94 255
187 187 200 188 93 255
188 188 202 187 92 255
189 189 204 187 91 255
190 190 206 187 90 255
191 191 208 187 89 255
192 192 210 187 89 255
193 193 212 187 88 255
194 194 214 186 87 255
195 195 216 186 86 255
196 196 218 186 85 255
197 197 220 186 84 255
198 198 222 186 83 255
199 199 224 186 82 255
200 200 226 185 81 255
201 201 228 185 80 255
202 202 230 185 79 255
203 203 232 185 78 255
204 204 234 185 77 255
205 205 236 185 76 255
206 206 238 185 75 255
207 207 240 185 74 255
208 208 242 185 73 255
209 209 244 185 72 255
210 210 246 186 70 255
211 211 248 186 69 255
212 212 249 187 67 255
213 213 251 188 66 255
214 214 252 188 64 255
215 215 253 189 62 255
216 216 254 191 61 255
217 217 254 192 59 255
218 218 255 193 57 255
219 219 255 194 56 255
220 220 255 196 55 255
221 221 255 197 53 255
222 222 254 198 52 255
223 223 254 200 51 255
224 224 254 201 50 255
225 225 253 202 49 255
226 226 253 204 48 255
227 227 252 205 46 255
228 228 252 206 45 255
229 229 251 207 44 255
230 230 251 209 43 255
231 231 250 210 42 255
232 232 249 211 41 255
233 233 249 213 40 255
234 234 248 214 39 255
235 235 248 215 38 255
236 236 247 217 37 255
237 237 247 218 36 255
238 238 246 219 35 255
239 239 246 221 34 255
240 240 245 222 33 255
241 241 245 224 32 255
242 242 245 225 31 255
243 243 245 227 30 255
244 244 244 228 29 255
245 245 244 230 28 255
246 246 244 232 26 255
247 247 245 233 25 255
248 248 245 235 24 255
249 249 245 237 23 255
250 250 245 239 22 255
251 251 246 241 20 255
252 252 246 243 19 255
253 253 247 245 18 255
254 254 248 247 17 255
255 255 248 249 15 255
256 256 249 251 14 255
